% Model:
% Version:            COMSOL 5.4.0.388
% Date:               Jan 12 2021, 23:17
% Dimension:          1
% Nodes:              20
% Expressions:        7
% Description:        Logarithmic strain tensor, xx component, Logarithmic strain tensor, yy component, Logarithmic strain tensor, zz component, Stress tensor, x component, Stress tensor, y component, Stress tensor, z component, Temperature
% cln1x         solid.elogxx (1) solid.elogyy (1) solid.elogzz (1) solid.sx (N/m^2) solid.sy (N/m^2) solid.sz (N/m^2) T (K)
0.022000        0.0019151      -3.2940E-4     -3.7446E-4     4.6799E7       -277.81        3.5968E-6      293.15
0.023000        0.0018947      -3.2100E-4     -3.6965E-4     4.6199E7       -277.79        -1.1126E-5     293.15
0.024000        0.0018745      -3.1251E-4     -3.6488E-4     4.5601E7       277.77         -5.6252E-6     293.15
0.025000        0.0018542      -3.0393E-4     -3.6005E-4     4.4999E7       -277.78        -1.4998E-5     293.15
0.026000        0.0018341      -2.9527E-4     -3.5525E-4     4.4399E7       -277.78        -2.9696E-5     293.15
0.027000        0.0018142      -2.8654E-4     -3.5047E-4     4.3801E7       277.78         -5.2527E-6     293.15
0.028000        0.0017942      -2.7775E-4     -3.4567E-4     4.3201E7       277.78         1.6950E-5      293.15
0.029000        0.0017742      -2.6889E-4     -3.4084E-4     4.2599E7       -277.78        -3.4092E-5     293.15
0.030000        0.0017544      -2.5997E-4     -3.3607E-4     4.2001E7       277.78         -1.8673E-5     293.15
0.031000        0.0017346      -2.5100E-4     -3.3127E-4     4.1401E7       277.78         -2.8200E-5     293.15
0.032000        0.0017147      -2.4197E-4     -3.2644E-4     4.0799E7       -277.78        -1.0144E-5     293.15
0.033000        0.0016951      -2.3291E-4     -3.2167E-4     4.0201E7       277.78         -3.6996E-5     293.15
0.034000        0.0016755      -2.2380E-4     -3.1686E-4     3.9601E7       277.78         1.3024E-5      293.15
0.035000        0.0016557      -2.1466E-4     -3.1204E-4     3.8999E7       -277.78        2.9437E-5      293.15
0.036000        0.0016362      -2.0549E-4     -3.0726E-4     3.8401E7       277.78         -1.7652E-4     293.15
0.037000        0.0016167      -1.9630E-4     -3.0246E-4     3.7801E7       277.78         2.6179E-5      293.15
0.038000        0.0015970      -1.8708E-4     -2.9763E-4     3.7199E7       -277.78        4.3446E-5      293.15
0.039000        0.0015775      -1.7785E-4     -2.9283E-4     3.6599E7       -277.78        -9.6249E-5     293.15
0.040000        0.0015580      -1.6860E-4     -2.8805E-4     3.6001E7       277.78         -1.1721E-5     293.15
0.041000        0.0015384      -1.5934E-4     -2.8323E-4     3.5399E7       -277.78        -7.3165E-6     293.15
